172
1
8
130
48
3
100
133
79
4
63
59
104
140
35
33
71
107
10
96
161
110
153
126
71
142
60
111
12
90
94
97
70
31
157
17
41
40
59
40
77
15
103
133
24
145
58
95
69
85
125
47
67
138
172
141
63
148
17
62
160
40
140
132
2
106
144
30
81
112
13
122
39
4
139
2
119
66
115
155
31
125
83
98
78
23
170
68
18
127
114
97
21
118
154
120
103
138
106
53
57
47
108
130
34
92
84
19
73
124
158
156
58
111
2
69
116
91
26
105
30
86
76
156
123
67
84
122
29
93
38
157
120
96
95
147
82
161
33
150
169
50
6
52
157
137
123
139
3
37
36
129
11
114
25
143
138
105
94
66
102
65
46
65
70
56
93
20
45
51
71
68
92
75
27
30
25
36
144
116
160
108
89
87
77
155
46
76
120
154
43
91
5
95
123
20
16
51
64
60
37
37
64
22
83
50
114
135
51
81
58
126
62
137
93
59
20
47
41
13
9
61
6
18
68
147
12
17
126
119
46
75
77
45
83
115
132
146
30
152
44
50
57
162
65
57
24
164
75
32
54
29
49
4
48
69
15
142
165
74
48
66
104
42
73
56
14
88
166
131
146
72
131
80
77
82
135
99
67
118
44
137
113
74
16
121
171
44
113
159
149
112
89
113
37
131
22
28
42
137
105
90
38
120
94
85
107
45
145
168
63
115
62
167
78
165
36
104
76
97
128
152
35
121
84
98
55
141
60
122
38
7
44
14
107
109
89
21
134
117
112
130
82
29
27
129
151
97
87
128
106
79
32
150
152
28
111
81
9
125
31
117
98
59
79
163
27
72
101
3
1
43
119
26
127
136
139
4
11
61
166
80
124
110
78
136
35
151
132
88
147
70
11
55
7
152
103
118
91
49
136
61
19
153
73
26
52
25
102
135
113
41
28
6
87
9
102
158
109
141
55
80
24
72
101
53
15
144
34
13
171
16
7
24
54
52
8
35
18
92
56
10
64
52
153
43
108
127
148
1
8
23
88
19
5
42
167
96
13
33
99
53
150
134
149
22
39
168
15
143
108
74
160
39
117
34
121
49
159
110
146
86
32
78
100
162
134
129
116
85
10
21
18
86
5
100
23
72
99
14
161
